0 0.15932325 0.654375 0.195833 0.09562499999999996
0 0.21437499999999998 0.1630859375 0.22083299999999997 0.170625
0 0.20578158333333332 0.2699609375 0.14583300000000002 0.07687500000000003
0 0.53838575 0.766015625 0.649166 0.4575
0 0.2821875 0.2719921875 0.111667 0.05437499999999998
0 0.355208 0.8138671875 0.219167 0.14687499999999998
0 0.37239549999999993 0.1078515625 0.20500000000000004 0.19125
0 0.34015625 0.2070703125 0.07083299999999992 0.05812500000000001
0 0.3624482500000001 0.259140625 0.1025 0.08374999999999999
0 0.49828158333333333 0.2391015625 0.26916600000000007 0.18999999999999997
0 0.52598925 0.12921875 0.19583400000000006 0.0875
0 0.6694788333333334 0.1593359375 0.18250000000000002 0.14
0 0.6620833333333334 0.2780078125 0.10499999999999998 0.07374999999999998
0 0.6973434166666667 0.072109375 0.1391669999999999 0.075625
0 0.821667 0.2469921875 0.2508330000000001 0.146875
0 0.77098925 0.172578125 0.07249999999999994 0.06687499999999999
0 0.76984375 0.1275 0.05666700000000002 0.0325
0 0.8271350833333333 0.721484375 0.12916699999999995 0.10625000000000007
0 0.9245836666666666 0.854765625 0.1475000000000001 0.239375
